Disease Classification Report:
              precision    recall  f1-score   support

           0     0.9159    0.9621    0.9385       317
           1     0.9615    0.8681    0.9124       288
           2     0.9533    0.9563    0.9548       320
           3     0.7477    0.7692    0.7583       104
           4     0.6167    0.8043    0.6981        92
           5     0.7573    0.7500    0.7536       104
           6     0.7103    0.7379    0.7238       103
           7     0.9850    1.0000    0.9924       262
           8     0.8243    0.6040    0.6971       101

    accuracy                         0.8823      1691
   macro avg     0.8302    0.8280    0.8254      1691
weighted avg     0.8871    0.8823    0.8825      1691


Confusion Matrix:
[[305   2   1   0   0   2   3   3   1]
 [ 22 250  11   0   0   0   4   1   0]
 [  6   7 306   1   0   0   0   0   0]
 [  0   1   0  80  20   3   0   0   0]
 [  0   0   1  12  74   0   4   0   1]
 [  0   0   0   2   4  78  12   0   8]
 [  0   0   1   5  10   8  76   0   3]
 [  0   0   0   0   0   0   0 262   0]
 [  0   0   1   7  12  12   8   0  61]]